	mgm4472160.3	mgm4472167.3	mgm4472253.3	mgm4472255.3	mgm4472304.3	mgm4472305.3	mgm4472312.3	mgm4472337.3	mgm4472353.3	mgm4472361.3	mgm4472397.3	mgm4472419.3	mgm4472428.3	mgm4472444.3	mgm4472462.3	mgm4472464.3	mgm4472467.3	mgm4472473.3	mgm4472484.3	mgm4472495.3	mgm4472580.3	mgm4472586.3	mgm4472682.3	mgm4472751.3	mgm4472934.3	mgm4473326.3	mgm4473472.3	mgm4473666.3	mgm4478487.3	mgm4478571.3
mgm4472160.3	0	3.83523267584985	3.87986900135244	4.4119123942525	4.54580456159224	3.74206600576211	5.69081428397741	7.15334797270629	4.34044812109083	7.09974476297178	5.80850424870204	5.85762746991	5.68773387520427	4.57509021073846	5.42661035232986	7.23883445578077	7.75744332650466	7.19038818361534	4.39204390232994	4.03855682227606	7.20356382442661	7.41160390778611	7.23950895862653	4.54461309902628	7.38097955009957	7.31431776627742	4.54999495593588	5.14148697912289	4.39089699736424	4.60029465429733
mgm4472167.3	3.83523267584985	0	3.44669675387137	4.26937995130659	4.57278371400379	3.89205880050294	5.58752012661875	7.1599774910307	4.96627352994884	7.10053541632332	5.77488567152978	5.81020101084291	5.85663843417771	4.86817451400108	5.32720051997082	7.19931128488789	7.88551916050259	7.18086918293604	4.07303562555598	4.49670527170417	7.21311965497725	7.36429247729724	7.16983820044924	4.94815262436269	7.37820591236947	7.24554410874489	4.85025114628754	5.29898830842521	4.43681055149244	4.77960538301054
mgm4472253.3	3.87986900135244	3.44669675387137	0	4.47609625058441	4.34777856768743	3.73560157207611	5.62530617189084	7.13487402862811	4.99141677826965	7.14636663293561	5.72861105886943	5.78471988406539	5.92905440040962	5.1267369781251	5.46820350701147	7.22965873055171	7.81312219579992	7.16781645663441	4.20199575948303	4.72560492473618	7.24212875102309	7.37495822548039	7.24536535338341	4.99111407426892	7.39071420413661	7.28722950344927	4.7807154487625	5.374269275584	4.49625865928257	4.89602140347742
mgm4472255.3	4.4119123942525	4.26937995130659	4.47609625058441	0	4.41208846115368	4.24289304540001	5.06418775541762	6.93858022074816	4.97828421065652	6.8850646716944	5.29667652651806	5.53390951392447	5.44109018807843	4.35648709437082	4.59097150345891	7.08125941923947	7.74618822502992	6.97956125330506	3.97024003298468	3.8571277285612	7.01935069463003	7.1650545697456	7.00799724775614	5.08377266357962	7.21411800168146	7.01943594087288	4.49775401045969	4.8222965030725	3.7472269048461	4.61272735952837
mgm4472304.3	4.54580456159224	4.57278371400379	4.34777856768743	4.41208846115368	0	3.61696470013539	5.52612034155515	7.00223362462716	5.02046645937027	6.98972031168879	5.8331002735207	6.01028737531305	6.01282069894964	5.26437688457458	5.33548565771658	7.15329026600526	7.86292511037907	7.1144405143077	3.79375377276257	5.04829934871887	7.11854227429999	7.27233175296013	7.08313561156361	5.35227432793015	7.29621282748535	7.14795134874386	4.63645473130111	5.53974447627114	3.92044266908193	4.76600241473477
mgm4472305.3	3.74206600576211	3.89205880050294	3.73560157207611	4.24289304540001	3.61696470013539	0	5.75460746623182	7.2171764906807	4.61139163963874	7.19925531938214	5.71582978546265	5.98379160565672	5.93465956905238	5.05290321004105	5.40655053446054	7.32225431372106	7.88153005484608	7.23499809362014	3.53275327587223	4.49221779187529	7.24774881677928	7.46692493548396	7.2998101398919	4.98830793950523	7.45171093288292	7.35122935865839	4.48572094082771	5.44477371989936	4.20146770648012	4.62070611003394
mgm4472312.3	5.69081428397741	5.58752012661875	5.62530617189084	5.06418775541762	5.52612034155515	5.75460746623182	0	6.6508511762214	5.43432753103362	6.53763681788462	3.99258794478095	4.2965978191044	4.25599817772645	4.8602800766054	4.03811188092584	6.66961819727101	7.68051628228912	6.66331705001177	5.60844736634105	5.15631329594698	6.70312822863375	6.90269334854276	6.66013326644449	5.14270949646241	6.98269098950899	6.73826245072219	5.05238079545227	3.74225894613293	5.21319133482364	4.96386156868674
mgm4472337.3	7.15334797270629	7.1599774910307	7.13487402862811	6.93858022074816	7.00223362462716	7.2171764906807	6.6508511762214	0	6.47970844522649	2.63040230473959	6.8550922960776	7.16408563643131	7.68452831297057	6.53034066281605	6.60011912984349	3.10840800058752	4.5571529130522	2.68788884678455	7.23834806817047	7.10322998529531	3.17553465404107	2.68485624393673	3.00790354346917	6.83678726256638	3.29538385852419	2.91781912180784	6.68054182961399	6.79403039805194	6.58317989769484	6.62894338274547
mgm4472353.3	4.34044812109083	4.96627352994884	4.99141677826965	4.97828421065652	5.02046645937027	4.61139163963874	5.43432753103362	6.47970844522649	0	6.34878229524531	5.72452819578945	5.80952626732253	5.73007793732651	4.4763565537813	5.60415697208859	6.6447841820914	7.05632908982405	6.46195971474322	4.992973399636	4.49077228240353	6.45208296209496	6.77710158804092	6.66491696062001	4.80592313005632	6.66639473586956	6.70484587916609	4.98088964124711	5.52048035193496	5.1493082054666	4.8935044945183
mgm4472361.3	7.09974476297178	7.10053541632332	7.14636663293561	6.8850646716944	6.98972031168879	7.19925531938214	6.53763681788462	2.63040230473959	6.34878229524531	0	6.79871814981486	7.08999706090602	7.69886108539083	6.45793235416703	6.52359679342615	2.86238939504995	4.52982182696834	2.9753136494998	7.20834443397648	7.07429854417788	2.91683254424878	3.05081951431531	3.00011505946838	6.7529528892016	3.19286229623405	3.02236721233004	6.65976007191541	6.72893942081081	6.5101847699312	6.56942371674953
mgm4472397.3	5.80850424870204	5.77488567152978	5.72861105886943	5.29667652651806	5.8331002735207	5.71582978546265	3.99258794478095	6.8550922960776	5.72452819578945	6.79871814981486	0	3.96039364981349	4.81009143617424	5.02156973482806	4.5325597138566	6.90407954107458	7.79517037808229	6.92148312196994	5.62976596205704	5.26653107918291	6.96085622213773	7.16140964801924	6.96126170225309	5.23012233602829	7.21813085586223	6.99469356845765	4.91938290192667	3.94273427330485	5.65972766976664	4.91458974098058
mgm4472419.3	5.85762746991	5.81020101084291	5.78471988406539	5.53390951392447	6.01028737531305	5.98379160565672	4.2965978191044	7.16408563643131	5.80952626732253	7.08999706090602	3.96039364981349	0	4.52707528358131	5.18487793376769	4.76656504738352	7.2015379213509	8.04511973046695	7.16766040791026	6.00723662841469	5.23236461452975	7.24794750054962	7.47290181140295	7.29266208838914	5.45486517734435	7.49348326523903	7.32470712640393	5.35460818407005	3.96615110860409	5.99162630941616	5.14121697187911
mgm4472428.3	5.68773387520427	5.85663843417771	5.92905440040962	5.44109018807843	6.01282069894964	5.93465956905238	4.25599817772645	7.68452831297057	5.73007793732651	7.69886108539083	4.81009143617424	4.52707528358131	0	4.98783720558205	5.05287421161263	7.73307135720972	8.43603211624675	7.68123862861104	5.91435719532722	5.12778295383933	7.77150372935342	7.97261678608478	7.83159506685564	5.1111063225221	7.98442616302197	7.8318261495995	5.20975562602707	3.99481014293624	5.96296751690707	5.07728401087781
mgm4472444.3	4.57509021073846	4.86817451400108	5.1267369781251	4.35648709437082	5.26437688457458	5.05290321004105	4.8602800766054	6.53034066281605	4.4763565537813	6.45793235416703	5.02156973482806	5.18487793376769	4.98783720558205	0	4.88162774103401	6.6047858335676	7.25411890758788	6.55499532557381	5.17081984624224	3.66379795969186	6.60604947792141	6.82463390427754	6.67797053042732	4.6918394220479	6.84841889184976	6.70151325271764	4.36854078853542	4.63589723521007	4.99653531301445	4.55127369307028
mgm4472462.3	5.42661035232986	5.32720051997082	5.46820350701147	4.59097150345891	5.33548565771658	5.40655053446054	4.03811188092584	6.60011912984349	5.60415697208859	6.52359679342615	4.5325597138566	4.76656504738352	5.05287421161263	4.88162774103401	0	6.67476525664358	7.74791150031801	6.66631235620949	5.24377569354271	4.97450304335849	6.74686053456398	6.83267432572818	6.61740569147182	5.03880314481653	6.9460595545723	6.6560968065736	4.68493193124785	4.28523600724221	4.90240469230641	4.73318765040121
mgm4472464.3	7.23883445578077	7.19931128488789	7.22965873055171	7.08125941923947	7.15329026600526	7.32225431372106	6.66961819727101	3.10840800058752	6.6447841820914	2.86238939504995	6.90407954107458	7.2015379213509	7.73307135720972	6.6047858335676	6.67476525664358	0	4.70071144461598	3.38495023801801	7.36183129911384	7.21650643603974	3.2143164664887	3.11083224036294	2.9665089218766	6.86956338332216	3.34912257245678	2.64785936567847	6.77572297430776	6.79471642563334	6.74204258992863	6.68986055136886
mgm4472467.3	7.75744332650466	7.88551916050259	7.81312219579992	7.74618822502992	7.86292511037907	7.88153005484608	7.68051628228912	4.5571529130522	7.05632908982405	4.52982182696834	7.79517037808229	8.04511973046695	8.43603211624675	7.25411890758788	7.74791150031801	4.70071144461598	0	4.48454916015832	7.97473702366675	7.89680916702715	4.28237860104747	4.5071989878557	4.8350046370708	7.52506870407497	4.33359344758487	4.73806372033277	7.43896446170993	7.70657191248486	7.46398042327681	7.38181180750329
mgm4472473.3	7.19038818361534	7.18086918293604	7.16781645663441	6.97956125330506	7.1144405143077	7.23499809362014	6.66331705001177	2.68788884678455	6.46195971474322	2.9753136494998	6.92148312196994	7.16766040791026	7.68123862861104	6.55499532557381	6.66631235620949	3.38495023801801	4.48454916015832	0	7.28749704939177	7.12616969768915	2.91749934856677	3.45147481030871	3.67710859495467	6.84195610647421	3.28677279857856	3.62063576521021	6.72628386939361	6.82712822621784	6.68565803577345	6.66098140906141
mgm4472484.3	4.39204390232994	4.07303562555598	4.20199575948303	3.97024003298468	3.79375377276257	3.53275327587223	5.60844736634105	7.23834806817047	4.992973399636	7.20834443397648	5.62976596205704	6.00723662841469	5.91435719532722	5.17081984624224	5.24377569354271	7.36183129911384	7.97473702366675	7.28749704939177	0	4.62403333612331	7.32102430533541	7.47411572022547	7.32044189004042	5.03211314907334	7.52304781330529	7.35625323486056	4.72794346562695	5.46845958698269	3.91004403639586	4.67042535582753
mgm4472495.3	4.03855682227606	4.49670527170417	4.72560492473618	3.8571277285612	5.04829934871887	4.49221779187529	5.15631329594698	7.10322998529531	4.49077228240353	7.07429854417788	5.26653107918291	5.23236461452975	5.12778295383933	3.66379795969186	4.97450304335849	7.21650643603974	7.89680916702715	7.12616969768915	4.62403333612331	0	7.21409391782257	7.37457547717051	7.21742159752222	4.909068071844	7.36127489993835	7.28276299356503	4.35877098265221	4.54064711905435	4.92587593934431	4.2511581704322
mgm4472580.3	7.20356382442661	7.21311965497725	7.24212875102309	7.01935069463003	7.11854227429999	7.24774881677928	6.70312822863375	3.17553465404107	6.45208296209496	2.91683254424878	6.96085622213773	7.24794750054962	7.77150372935342	6.60604947792141	6.74686053456398	3.2143164664887	4.28237860104747	2.91749934856677	7.32102430533541	7.21409391782257	0	3.24548473710403	3.360153465424	6.92343698214645	2.70741810214038	3.21670770210397	6.7905257212228	6.8478186131458	6.66766739831084	6.67382649125017
mgm4472586.3	7.41160390778611	7.36429247729724	7.37495822548039	7.1650545697456	7.27233175296013	7.46692493548396	6.90269334854276	2.68485624393673	6.77710158804092	3.05081951431531	7.16140964801924	7.47290181140295	7.97261678608478	6.82463390427754	6.83267432572818	3.11083224036294	4.5071989878557	3.45147481030871	7.47411572022547	7.37457547717051	3.24548473710403	0	2.60729460942738	7.07364784782382	3.09052632838967	2.79404653429582	6.9340655558892	7.05410002175927	6.82804242284883	6.87441150836777
mgm4472682.3	7.23950895862653	7.16983820044924	7.24536535338341	7.00799724775614	7.08313561156361	7.2998101398919	6.66013326644449	3.00790354346917	6.66491696062001	3.00011505946838	6.96126170225309	7.29266208838914	7.83159506685564	6.67797053042732	6.61740569147182	2.9665089218766	4.8350046370708	3.67710859495467	7.32044189004042	7.21742159752222	3.360153465424	2.60729460942738	0	6.94596203195599	3.3245290803301	2.45767282249727	6.78108805355647	6.82108712700709	6.62441519445523	6.69522726725712
mgm4472751.3	4.54461309902628	4.94815262436269	4.99111407426892	5.08377266357962	5.35227432793015	4.98830793950523	5.14270949646241	6.83678726256638	4.80592313005632	6.7529528892016	5.23012233602829	5.45486517734435	5.1111063225221	4.6918394220479	5.03880314481653	6.86956338332216	7.52506870407497	6.84195610647421	5.03211314907334	4.909068071844	6.92343698214645	7.07364784782382	6.94596203195599	0	7.07988897580509	6.9805919349863	4.76520277444591	4.9673918854927	5.26026308710011	4.93453761426396
mgm4472934.3	7.38097955009957	7.37820591236947	7.39071420413661	7.21411800168146	7.29621282748535	7.45171093288292	6.98269098950899	3.29538385852419	6.66639473586956	3.19286229623405	7.21813085586223	7.49348326523903	7.98442616302197	6.84841889184976	6.9460595545723	3.34912257245678	4.33359344758487	3.28677279857856	7.52304781330529	7.36127489993835	2.70741810214038	3.09052632838967	3.3245290803301	7.07988897580509	0	3.32147264092752	6.92400640681801	7.06986818131829	6.88284383176983	6.83018736963056
mgm4473326.3	7.31431776627742	7.24554410874489	7.28722950344927	7.01943594087288	7.14795134874386	7.35122935865839	6.73826245072219	2.91781912180784	6.70484587916609	3.02236721233004	6.99469356845765	7.32470712640393	7.8318261495995	6.70151325271764	6.6560968065736	2.64785936567847	4.73806372033277	3.62063576521021	7.35625323486056	7.28276299356503	3.21670770210397	2.79404653429582	2.45767282249727	6.9805919349863	3.32147264092752	0	6.8061804857103	6.91420260477348	6.71994632677182	6.75278207125728
mgm4473472.3	4.54999495593588	4.85025114628754	4.7807154487625	4.49775401045969	4.63645473130111	4.48572094082771	5.05238079545227	6.68054182961399	4.98088964124711	6.65976007191541	4.91938290192667	5.35460818407005	5.20975562602707	4.36854078853542	4.68493193124785	6.77572297430776	7.43896446170993	6.72628386939361	4.72794346562695	4.35877098265221	6.7905257212228	6.9340655558892	6.78108805355647	4.76520277444591	6.92400640681801	6.8061804857103	0	4.61543748741192	4.68604763602306	2.87256413052305
mgm4473666.3	5.14148697912289	5.29898830842521	5.374269275584	4.8222965030725	5.53974447627114	5.44477371989936	3.74225894613293	6.79403039805194	5.52048035193496	6.72893942081081	3.94273427330485	3.96615110860409	3.99481014293624	4.63589723521007	4.28523600724221	6.79471642563334	7.70657191248486	6.82712822621784	5.46845958698269	4.54064711905435	6.8478186131458	7.05410002175927	6.82108712700709	4.9673918854927	7.06986818131829	6.91420260477348	4.61543748741192	0	5.23419188903696	4.4751400104873
mgm4478487.3	4.39089699736424	4.43681055149244	4.49625865928257	3.7472269048461	3.92044266908193	4.20146770648012	5.21319133482364	6.58317989769484	5.1493082054666	6.5101847699312	5.65972766976664	5.99162630941616	5.96296751690707	4.99653531301445	4.90240469230641	6.74204258992863	7.46398042327681	6.68565803577345	3.91004403639586	4.92587593934431	6.66766739831084	6.82804242284883	6.62441519445523	5.26026308710011	6.88284383176983	6.71994632677182	4.68604763602306	5.23419188903696	0	4.74831616381022
mgm4478571.3	4.60029465429733	4.77960538301054	4.89602140347742	4.61272735952837	4.76600241473477	4.62070611003394	4.96386156868674	6.62894338274547	4.8935044945183	6.56942371674953	4.91458974098058	5.14121697187911	5.07728401087781	4.55127369307028	4.73318765040121	6.68986055136886	7.38181180750329	6.66098140906141	4.67042535582753	4.2511581704322	6.67382649125017	6.87441150836777	6.69522726725712	4.93453761426396	6.83018736963056	6.75278207125728	2.87256413052305	4.4751400104873	4.74831616381022	0
